[cam_0]
name = "1"
size = [ 720, 1280,]
matrix = [ [ 839.4890053786659, 0.0, 359.5,], [ 0.0, 839.4890053786659, 639.5,], [ 0.0, 0.0, 1.0,],]
distortions = [ 0.09143437718105081, 0.0, 0.0, 0.0,]
rotation = [ 0.031905846185971413, 0.020340232449665863, 0.07086960252129809,]
translation = [ 0.0, 0.0, 0.0,]
fisheye = true

[cam_1]
name = "2"
size = [ 720, 1280,]
matrix = [ [ 886.0709832257434, 0.0, 359.5,], [ 0.0, 886.0709832257434, 639.5,], [ 0.0, 0.0, 1.0,],]
distortions = [ -0.048086723230678446, 0.0, 0.0, 0.0,]
rotation = [ 0.1152921740210487, 1.2462564024027105, 0.6375297980581663,]
translation = [ -2513.7793612044807, -615.1275290989743, 958.6055588081526,]
fisheye = true

[cam_2]
name = "3"
size = [ 720, 1280,]
matrix = [ [ 890.0999145056477, 0.0, 359.5,], [ 0.0, 890.0999145056477, 639.5,], [ 0.0, 0.0, 1.0,],]
distortions = [ -0.05272398569879157, 0.0, 0.0, 0.0,]
rotation = [ 0.1256065584246252, 0.599676920716702, 0.5093845145198692,]
translation = [ -1422.6035066317859, -325.22521351171923, 48.60674243318533,]
fisheye = true

[metadata]
